019968213799648377522273303355473010290461640571553197969605441		454570621256667865396721880693779371284745098480
115271000092644946631202480686908609459561483421083794016274880		109062487535308763236722556285518366556755951364
621614407129120903910195520187367556386293052028219997911934726		173475379720412483092273635656595445500571512061
245692594637257377023007574458970029546522746473059245852396083		158192287191743271069124748611585363074041738551
554393548461609877656506613245792065264702272842059747618518082		032275393565862916366423359942566002292665872095
713093685121615181756926238059887630532032461434191505007073764		366514237526877676979704150271143961179175979234
143069115406706471760063018422075457714861070205054587354088000		453025183390098545415351971966862125481514510711
379448515807057186973316965349232869711342745751650997163440405		533733707146797395205434351456896052235765319471
570342557713850189101619425252759363923066372930559018637226721		356764110773673746041425832542656654366792823381
443864386388469874722520019024936449859444960174314577246682161		393084405061494261332635495492503056262360936664
106050517966361423145673626086096022715124741711598597819949361		267974608974977002090592003543600225750040458931
002564620682277265308555690372606100908324711404937596		314115531961583955706706228423521601871254422014
535141332229422360142068199011481033653686964887004585646207922		547353673312820545044326062872664034888041618334
057521442904277050319456598714501834230381610205832130		229873404253967755993980200152454592855440378234
214482096155558510544634828129057727623314073633379086462890723		492313744374291423025061535600764772257582538100
649457152310826779542845245479868861778513845034482752568228565		189501782030981870618345685433332373426675360990
452310224664620305950781085012018548747852979337602846100732000		344701333790057430132152083775460965731631008825
218917359003804077716724684106749258690990350142219651252033045		106514751533508295157715561074624850558713380636
736671535121346544024870047577006111499410525394209251610454082		068502452794079874538144126395969436527174379950
546407647461826306773341372133056459728882507075124036834366243		402021755541084284579525056896275675993425173661
492791039017554509466321476049031427028615019328045622512128961		410080383370153412305734656782904856678263484521
009505774373400212010440456776902096897673380283117003		380636510711188581766336303422791946378672442081
447659541421303514944282194405218711491415386052642451142977124		208634508444788645175721489216183273432374043901
081830192930369317204814020293971914743510007073612034427584241		049682695884409630212262038686156211034372836342
173332373661741056875345967580802744505513074902503958465091363		472193167032299825343872814102207473352942087495
676363237871759238822781123635141609432150957391174167413269525		206884761481174031912455884391956314758165835640
336756474845428954336090589513623239932663114379303009666407926		099065868664605336162665634826898754240105349550
367740550861519469295935884329380334811861962846641978608825682		243685959540270323524984564274164682619820184792
705676180696613668601802973632284711051783021413639825152644164		274123841474647135031135276920337196005560512382
017783045812772622165256021913553726104935880820120406		440731592143832473485490419231250556880645357193
709660639641958607586989670457042839330976900147141785111587282		517124784400462256768331582436106926132083179955
062049144457809096305575664174482312511095595609236956055916405		362452255394187200530624282236939153282903460356
603878607245669003362751693393625311855264936554264731249506162		278510174410325213060352870990134096443300810510
599270198685859967924847323254675206412705173741356087753857684		508203437656041505069941415683117200626152694183
264927347691303997392458031623255507804085726409110138316014641		057623527655911235264490944631890246812844057164
080188093920366471380837550170460556502384148721019442751515920		103085734441224233436783943422291653931280215130
009360328793632700530694076171805951547455315671190946		067705050565234122401545185723329991556102661122
009738009124351272541874935128659137667935827573096397243741204		120042310086509850362186052946288122807402223206
748317247444814738796002883429471337080273780565029721330046885		521200686894873201566921022925319354139692869712
207403210017737685832785919201383039865201123591192591315588086		043464547160817554071056453350253151049153634046
332294466462714258771904522141649137998475995312111909654202645		520291065394737470180966408144066635534760394581
056823549691638382224701179075614951220183742641091935200880323		368280878531028673587365725520072644968563294062
625526497651059894296710430668356116176706553111285448153588803		289903761080002932010921123151442926137766253494
001431098175038590740943896183499854740095985302542794318447040		266433245413605763699731155221522624284873146424
626376630614016468920071552684100613594666231837029765144882401		186345304376889330863644788521517113471651482931
454261220304723734130886646296008012770815049503590372365098406		504206743475113422031675150314068535625045187175
106550150167169288873865093505130201192815908601322906418917040		388641173661202500942844909282768101778825763814
093453512904743828512354680260389402500544403148137225126000165		401476352734581450341946888260192412403471088116
090610351062411971741827888388109527337274810642278560228134640		393131597564186542120961250556252263133554641344
096734085096708735404450947194524029151822536981394595207898485		500833368921835636593673122423870621591281408250
522432502829867829742003485196935526577245109098010079321424645		502460770536927973699053944412117660768951661625
648516330246511651461700964464579365955376306445348439919593521		019041557366180474735121274364758602178564941201
374963288623557042552026341146887054363535751524357398526922245		203016328151754616222541755392830055506774930621
258902042499042075111202991571800325645186924541517875948435843		235706470431933132968825272063148095687884128893
020110042084187073927043507593618312876755970210733360		391862862526775571187190244595568282538111816852
156826515544007877861663840633865939406446994505249677241778003		347763940510164200194323616285725520531913090314
424186682353948132116734442529761340517163582411612968934098725		246841607225690190846862643292802532144823299920
686318226930015555890083884225647807705513995721145996631236882		128295002815269505904422844466399932923575076145
399378329230417459003659525590634339493632386901384492636899606		381546236711778216237680833601740975812786988534
347740168054839172915675778670772142537973949207218025052116323		367905820731815114711773126945958871965786010104
438260099854656474831975971687194737718542143849153158436811122		081153386613239036899562531866652074863761813823
465513373779258184371583442507256916880103557825155070300089686		097752136882687953207206763931833955148532494144
236835114916055275965867672142670123322742106317055823266678485		521270070401639296462785232142611910071515776043
435964502730201189316595201663006337506593526084333660936166241		265614325790234421587605530464943203656825454420
081841488559354749301031175573983814207802320755121173250932163		507053284986542366135016230231238885571780492051
537826659432006576361874108269997149331646292952020506810863284		092845287613872496767866255981970644854300219342
628783445021107559674356005125752329674492181121349195622099203		544302774715413885913846982630274936539076660340
591403340149014490575169224196825610291475002302507343415574406		063125214220244985214483620784278095813893356326
373845129414025013792138560344942037051101143563607464354715523		243706458205439935387064730513529821392206597991
580007026474250654370489999461008965504625540677433173231516886		501630892824803362197764627565255095018120294383
406985411309013526752742566377895034048554459949018469000942561		424476019453239510544025133062288673788762012865
161038501841926283773490273469591526083076183187247194817006645		262666960423394041343456985152015493408640548460
290561392511703464976096918351186318283301488992330128314813444		114904347041936930267456101152869643166432904251
474592303253122116874475763082869520553551181925690427903775680		071515823712686631212823829985423785610114325385
070122110460902096541981933439778253580546850374434830917627041		238611879784487353543035277542652533627922147072
631872563056654291621458227077430206356701670125626613043228721		370266680621170771270590666014177290173730860765
001311830194538950655536125922686274455166124301655996		457584746562961012974706103260338864223013049441
006803088987243599616416874164240033293290903031335850565483605		394821415223794585303652081831818956692501723274
077465340752603816312687589244533518125855574890606385548379846		444291913380746296842442684651986576395811001446
353359343847757441486257101294984043930672971308443633458226325		113316670962502792414532176306310593507972426792
021122104902835716961793647620085985203742303214127406		152320150635282481859353882855306312500571072542
717946173027905569964232908260709256426214733269271998025292564		189480498462033600348192198823935940994816398151
465630140414123562962319707088995706833056860874262419862598565		538695815446870355495550276873249155671894928664
328653393421037460753501580381484934285876654980455464125522243		266433859685594331341523448076798090764542307864
480774028550341794750828071189790555323443387202617963745452961		253596733072993852072783296491699983832965395246
057044171732203558136463570145735913234091140167354149446970400		021866787735268424100424676315954276141200261723
218860677727504179056310454561923853399042718863329472924534163		365006666346252022550905483265925934111646469522
654343123089758254560273158012850144709126640750522849447547842		173106377361535586159492133853486523640503765660
094956101004649025883993527003616640777195694304077023127770486		433156365743005421394704366963924361849486730641
021961661556856062532834909191891546517551406430410546		040392277104708643710750387406399954381641046204
739624247216826201092666954654539058510710016219346719761490324		122434326834418653929953827352897235089191186291
454168000467608704221463225017410242590770383863176829519912401		398745792780912615419136323853116815138290411642
001184650586982663143294756874935043976253900115777926		246185741393030203991744823461473620787906225613
294384426094255051710839832445937423046763114988038964149104325		192241099951191342863702770744222530940131409101
711867460240842957211751558077082912613902135092499109020902802		288016886841467243657403620532624194798662954403
701891022430261788952241130250985009504403615126140817247846086		062616719395797672875743656071855863694471823552
286831375668250436890329631513586065538634037870199923421382561		471972884055851534496700259642324672222413602515
159165311803412423062094989342215859363824347937490472951199204		096784265972456065687494968275053860218341011922
245718428920035753594438135534247129814372957612149565960528166		215874291813172784078760234144404344856933973053
000846152043167765245680702130387742663263782015354911		137985617290844251070883303834182330223622195565
058441403969250961585170946081094866975141067197217543030065204		238141332672114423820283900910167776812833456171
404781418532606169091451121025598423111872510077020776838088964		295490961975108050461660459323254206964570890983
416396498213620414980299256184638836510174665273539886727276565		256442720566689302149650362751402626781762919444
103558049802919753473286185220479015768415753707666472738795201		499211087371630341106081929125592453363096045834
218839037376102680160160291082578622364143637027001039854685925		494294694376225934820410855072251240491360499394
009484126613727165765890456546649804162300975102782384		065773616616881741143100006604756783881340002371
015354910741209271170964456973337393200221185515733451		111555611484908415602836075695991551582301600273
123368197058065669516667785187860005783792897898459974955900726		475002723540596162161686002815627900808243044950
001621960183343456498185257640581701437383551826351102		399622406922293746002291430485788190312963499430
575625695434105396442082669573480929889481784929208206153458163		076342696516519002942924944894696462791396253023
020132326156897075365262870654578626455523666350204535		275460861391433284951123167615743395271186932565
276872027958834350446454786397232341537231989456370978320077125		367916055472402524504885354485107012430981164645
669456310224911218713300749449362048300926401623470794136335045		000824022411491436736764901266927812762514997984
044389282488102557311804539185035667071760312649642445218973923		447673528415090260918775498035712052557905268093
123249695963662458376351632558938604073513493172348227519078483		079874355971251663725910522566996556485271061375
321008313151054898614576415263551122430545732206396696140342883		175364069391128386523020379016632974984585625596
466897514582212552082671858231734712135660324596032065442167684		330841646316950042411150673265069022054781056600
593492567328128070636348576608204835157751794999451067229175681		363314270750314542750831870680422532821203989535
288716421696112620731204756269271064542386567353690577125504322		348961389423796944363865109025075192341593944092
375194670360715905746039369390932921863391293946194832638160885		288935469843699961403711748334389070243823104020
420964561706822703071079736349121249173323840571090272233671602		382883726463930760269356353575424192629892629775
114032080708148826275494411225660845540686528626157770636802164		028294953461390376722054419701482734897406427825
140633286245946999625277439332343707491402700024354337542358405		490953429350820454833773916313407522670856357444
689313211431703938645600376367013334377946762312439059468231205		016803957786021326975354225143285196891561983675
215688353265841342071509951493522102647442503850106328936040963		320365269210212021125981055585550322244813876584
190853494883314619883314601234191610438663595927611071507199766		238013771953276231368265985473258604806974081933
300037604938442321270635076180941634472731003266486663237629442		375253947933380443130321990572941843083870579274
015675039322212331815895543301244686017371438453744016		379753807450128006563123745182038296055392149223
622262551060752937512318124479160322043544884198699232265530805		497931643612889075691260771290090303946830011120
513555013120344028054997485495377661738461043200134576716885763		407004999771436735375173406036988250443366229151
004500778446964464711116372326127396235305406441537234		045091730214808440835560924463178371479390085172
324046641778704716566818575339331619347806863294265319144055282		465150969371996764571225507122974776638871230986
035702192670638957275280526027618507225796493925649945316362405		478640985291138381687953401560426445999355235780
383258534714615248624431071669932066377313404535343168733898565		108906050200509813102394008103481915885472182950
130797284546000121605025550369833356973570169527628749416268086		429576442711895820549975881260121433515181968023
326920547388905919070120744319833839445381631151158825209974801		376670136962182235882720321884703313612623146242
021556104020544886493785657885310294824772459761798480		073233436826192861493030301234709815160685367585
147608286464927388991677982143950956865205688584038763931802960		140553683110251342845722720271558815404242383045
032884548916848215144405941583581952904024262482168385865600323		175696621234718656260894976392366493282962084754
013753224565424640984231513601495973899306927251279661		374306405553693466152962252904506395038711695986
603542684930900092824169001305360740177916175978574719105108161		417925416341752811431876997262612485042671435300
263188182277367118431155085690692820247054647397121997036755606		432133208383698982455673253173499222485876066191
051836002954118500206039913555861135573914947424076186126800564		466060767363836422608482912812290765473493759454
050944263911834650044491458114759090352140775005722914		126074459403895485415110755494283011574046288406
589718505434035651162295043022740656830163442413159506063784806		267846307244876081941223547995363810268691517551
599941051506214748660994979446724037145654318930649249239213283		316063036753162920327755146574837423102580177632
006402496261258954264392488639459026821621399506374810049336803		149602070616883940048141437474095185602632900072
709760192221235402566913463632026562486476893928258519727151204		403642020806988465302881241581253782580081580974
230983580281354438886078149417878560477641274686348719562075604		339074935546287694440501033403167331325213799626
068850688201524106721085913412004601849514747984096151460510004		168460929680800530900750801174108991584912824932
235522144267223697323081190015745859873306028796519821457257204		309534705983659956228690890571895040456262697394
009185519761361735632310660431363176388214244150283861		272041870300605490573366517456607123772072363340
004165512906706353500421262323882202293436835855517204		100446602060273833418883274743924313083016766384
219253076222357214824429029207679301651836071976312010945519040		013673414955903902302020976012120625051752513496
428718561785256645673547735554296624730053905561407106008205362		056633078242287256325753830722074741189491359290
610035036662701752470544494009694500193816192267382572225445040		272384968461538465692075683982518723197695973800
625991285103950625672185028521129213495974142331191056644832723		284162549220814996852940699042879944820005302501
010473811613178072072910691293498130775684293921716023		243513770562559900305173645866941475979420445981
021064740975989801095061293750636336849431759950291894		547626712085437890583693609931932944251524663551
426642681957545801322150337671450027315626869255626953423132005		071862861985590772593684938815343536762044772542
214491638968234317324878295492197748526555594601675682065780966		065452872842144791598244652395309476500501526676
005866534424351850624605940693719945034350782143352413		126201251615244690871746375691078931707296453853
320190466400134839776144222213441811357135526787273020906508004		251251387902228733553704109131445040520243342076
163299522778125667286727494127274427756845018910198382500915285		104994370452451654282364567485610093498206637614
448662066269526877290832437623137834797023697986656910531640720		205985011474115643387272121823812406543921657210
032339032938602397992758216063644846538782250523231932254878160		535484994510204871442573250192507454788944766132
318282104901867192492837463614353626975824379536289989748907046		289604357386357791006871667143337451538261291861
207598225054809263531943660373637166574032373084103757315748163		016665059720400052586801147163235583958776674233
635344039901902465241989710076116125667060421934376080001961680		003805035592204316250031485030520542883561914862
663046288109233288020789831421049241509143659090653976056931920		310571464331747975214056869676406864429580321986
429747045943523975470662683482285658521160175692386837643958404		545362570673329505990076336392937942295132115333
003105598244283460360034064644194564249213392393743891		092871909646276060800162859706659030041644651255
495365051505036916945763230167054937838130444750054570912415606		493934290065320102642002491655213124346324809601
319478387182239674386419732193131026886914532057466624167785685		013892776316707514816382115840088062915334838895
248611523299728779212948560642607944780900321102051642023820640		144284890005335631258193153664792411794606136951
606840420097813670256000080131433911084660337759471052657705684		520980213365797420114482911545998540345243885873
292878525191168545365412963356419215173800317200245148153493443		432775916175707974129766847046626243634382398446
322961084264112796274609483251977558082675743550535333168549520		115366972121686471423683293382387075751876827636
287037091325844275223061323651023127222732755579178956817247126		242465127523978452570016771082888912515636962371
668292143680167546811765223104125749157916841903667447339516324		049521116221418883112501278521177596524182518173
246578009463144374733346496474127816637736154022041810962636083		375515138541561592953220774303609253934716494246
756391504416812157820338910139981344248736684159261649325651922		059421497195211512077941522661842026719486297550
062820462562662591974212761013480520597414550078328686167912962		470544746081390226358252054850445142047515317283
016355031733530730032975310892658350106493616146481135		436750857303789143284665849843201120571331026612
338811112930236630522346933261480703670054698505319893527735283		472466359665456236944460527035643415971255280923
484440178804125421020290088289939663749353509396621500966150562		172404962221631696973636975941612426226501251561
421645048718430404861848316199217329258213953882174468451199683		174213892482281720575105704074549103341454174363
373754581659249314660217464592283766114412285894068652052118166		496861046044368232853172142282644420677641150384
011886723872377394228482347876231702232116039216257640		249111488766282834484922015525299975297262418846
559750180835230814021619180650203326462980051337613551264207682		357936043646601835700963752902406842859502530176
586666151988468560061312021474925102975423550354615278006246722		159295077605243171645994479765227674809580766796
286211368224453884984171677082998804492413979961259381300993763		323131963886426070964096845183079206312770336435
241755518403562019082076862435757261185474215296672783965203920		401202564536212160448214546016096441986795139094
255968186623755954256895417567382068727340475625585080408702881		000573689831994554969702776615944482470730139910
727246370809151787974940798015599664969993732595278081510611766		081142568260242556954371851946486603856105533894
633888684520864673114917962418522418586174471704660978722360404		234352700551917500498046032563220353097785042266
329188000395631910793866628095588353339500260111556828847336801		382686658784357353628683239040490606495390942155
300960665325121436061453524261700543597944436898120192313643442		391275078916388513072976116152904481248796827994
010938428301130524170776333045824431053900329962201101161778643		314104339176936711822904929862753433848270393142
577182506103558853813338860486481351441155110929617566151892642		146071323003417856176952656012890731106996446752
295061500361143328680206534115219036548102582529420308647122321		121240985002174086334630572700773073767374363121
570011191407950120620543202382657247932880215497514672900885841		456780320941155505631364991135663996084801862483
196671437522128407060362428120043761423352298162533129607710884		192974928482576212362430348855378785472984718853
524021364650969109160259851277016662488663018371469323525902966		507111639686699731210763672216708515353783191641
744180151641711252611014597409166845875773760307407515515898560		071563155061377404771392539936771803161792483382
277235504046302746370888007427785268537801670665677146541269362		082810017061553650556686365156320872339694858122
726603098892164591045806179603472054990015296349523217346782880		523465142570080312793194479856920706640412752421
753288632851055250344693426046607542296432739445288173538571841		248015621420466173101393482220137113561785224831
071772569141061591612460227174885312877555851580295300307939045		033280843855416330135170048921338970168306565060
182719374105534692600969478502449744705914338278258878149307682		085996386763648504248934778975188490936456454132
218289044233556705671595852492104166322495522684410368322887046		233544699881976355172415635496257673394865404953
458936657707630954003957460533728124537715817853299584204238326		379155745054765634292905784893816826908992754070
010910798170365145679093724264940506433630593385031722		440016590735795163713870595985217293811843636351
324391053404465602931978246257946414432970849630553828038896720		186291646663401913458071290433630304750805244985
202298532760632648870825991440023453349922485258156486547125284		142821805710100840067491907644241982248303696505
663144091236506301960627643413946317130080765199423376858184806		294335219043278966022856422532050601671664438314
705182507962145591484239966437396843527593524879534684268648484		180660773966823344834336389493870665279453167583
008794488904312948152957679028947368123685304840643493705520482		247361592694958492751351203593549195850282178356
380103680138142808516536056641170654137120120440318139638757444		037626486396446373518093069321716023837766125426
756568635702136409531217263682050017538612783527373405307457444		455786786610629476901762627372147713608022889742
243398212191169244531117306051285962288173232078530337468663122		522340986820847681574072420162441021138541815916
080320390139334929284649294213260365620010183864181352214690004		329520507716178243995613773543150442564616071734
042948687564018127775584282610537052710311141181135787253634325		529891123300197833270670303101307266178210854082
369085075517852187662650746406097552659144489915281574806149286		160112883721155072940116882881697944004271195426
697631660771530258341156540370497714642210347573685682241804560		297951142201341822186783617231216955494111503563
114640226636621298060261134060153520787475180204151496537051361		233923221653669032654882597495504371084604433481
637766215468820840271675080540049004544734591174639392311120241		506533830861936824857752130514902234462901663081
501799529036452351783071090311476765005713856060282304923344640		168733958364311225717852490840523950709761839724
004009106930060783681913107274188101974230745055055213136262403		025221353473995796109105473172469522091582791603
052499565553930898444024061282770757105313136493192275640180162		447935823895666820547546403996292424463166669390
019785340730801520486720189480750601514810927214001184		146884336610948661639070493362127491168412665206
314038015182027273891330842513037113840464063988148142031679121		176744211534043956956646299034740563531454623032
052528558000948924410819498305589465535214900243246234820790245		154916596745242005031551465482869402189742115610
736647018300401785063495986243706267015240031757547691425814161		376046229450026415799776218892745492053641088084
388313589316140259824911463457841542401924309287399077352233766		139991600615752294450904120950502861317465777883
073658178095217337861130499006012310476812758147303523454931521		203396120662857522903892598415906461250090181566
542605211862624646206406441311291157403794956683208635920172485		195244338886622181410145243375626360490920301143
237876177025269643465841477420207214408462448309296191813036644		429966455294244824067005326203601412226946402706
006663468591698694943353112235578572933865121444747253		443975512301067764429281408181347566848510969681
094167240725765439586281234681539605213714210389111369236852566		370900754081265133457412896570115931347934712212
391160206825669206252878414502827315823903440477690003461221043		080013352071661020026725621581763851600390905861
037841077147028898984168230007514860837472097746675284165634486		244540587022152791742361437233702590054503760432
205653218628364921342345371308411842109771316035342745241190881		460141866800050211546902346966275781792984818993
310141606963541094952340678499781728287064295426558533129494081		485490661753115333166892860940859604950946120341
008905578710553774136182949790604543991963085172640755		184733553821944296173004503563589013646721181176
136627663257905311960459632011523255011184784461147788122718806		440304026062754000872452036501294634937333691314
717102149715662767754161558342950239000916282646670565016191046		338591046376052133327770117233456156087243664056
332127162457905768213038510444895833242290474611265362227867362		286660889556712843897031652533886841693951094483
257198409868047630730969308307821811342593065953478790932652565		424902275744946050503472143651132323963335987865
202357188850656543051431216087587134393880939697312842023212484		153985761444013593577100333031659945081116627302
232789172247007479075348686227515246277104244436201773928915286		453292321173005684359621106124614866395800991770
598851548227104945665526089688728304980702323821257938412582886		086665712442088281020854190870788025128273222220
647229302741407843811325031345694940276702641367634957608403843		128882088036389183802703433630581034628901789726
294896544654217799966496870267328706269415870167261877968383041		415602600812156211769241120005263361077985669615
093785417383844090882398629550520366404362929272252325366688404		182075543451653946445496924394310166122456374493
236913457473229992520935867045326351077071090629133137966641684		274214563411048841364636137204754215410214421280
200449439822127347311732881696668638418294254708452932100836804		179302723113553405599260361655930381273374761240
373224623331863500735060615026000534850923719489337876561372483		158822286875047920621993690660129974055093794803
383877349063960769804231701419051728026422625914090784830496244		041301456010285520513773053331294281362554225063
149785174495827313882835083516314425287530612760288521814723123		157624138621667030560394687093651025520280133452
307042448228645797551472548131563507782965180469098482757690883		236792521372189396826730307736388696707493448572
435403140083724527156611270635234219183810305741024078747554245		334893126074568774858651449584543104283070826453
010702214366696436718485683555295624338955462453304183		236631798465924886783443239255129401202405160856
635009070983002758144867776404629111418900860313548787548590006		045353896420254301493592101702328836067556213675
074550592209440115420432901493687316738514787280018981831070725		114904322221766442330403153883869621420446650874
081790589762464567331464265574833915019145041153151744056133121		074074564616666084050372967471097256637720859295
115754016180140961900189958240564048678511392500590373662627683		400646617931680745832083567496396882329826458056
016905452692629716167674755931978383591116649906511195		214825661582236092844674931976563856522110600696
186134159840747377473307131331613602955606377489282238701124165		254965394180857646430084871425149694859535661491
196314525804737222525685304637327209465135300651197491046761606		338200232554326411472812020085244700735544544383
364943528016511316403700555478318544517290662757425179306935683		210026602322989444564296848751075315487080442274
124240348837769623350709587668101203915940122589110402533024966		341283333946010152649954064484467345310246183652
300072066748933908096238570554677754595034186392008459915611444		384280421750685812635025055814344162141346372786
068833385312747691262800296505488157516500520355210093717431841		061604976424775202356016507764380731971853109186
276127528044435062990930003088501849086172428461484815327353280		033885174341514486427552914931377222700813811096
524481315199506343920889413662153036117625329601275769611647922		341892577786000161911742187474706893706145851170
015766243502955372088485373240424385395786218534746540		493672958561104213944722560795774774763895198390
126291525281448959664162973495494320395062556984624647734746165		013224697521352216210500366525461591456995901933
056746476974864728665104221647814160878033712969446832503351440		287592366792925774839393862446949913624215120042
138986454092223707951972123065480837225714536059538292062437925		399152701964787622856645898182241715616711934811
374593412189208860654639560231695400019912765532642087857275681		131825951006094862145525828791835593956650876092
189619153836617453532018954675893166160284392788566023041218961		529646421761753524093755488000227706956431722411
568191340990858391151398997088254103174711176223587023718455761		284205947580605223993061470821919882561613424100
021443714710565756232426861081432122441893684716183021		463716632183501305262505286875610103991401025301
000664628201641504984756966583778990431004677615961964		349962597451478432163681724300226775581931996924
120376221827316514151218763337983851503292317834471037665910886		067640806686495801875193072746631710289182379716
469300343771454592230065899482928468840996047309452713241586003		205755504772191112315725772174826854231440782336
297144666124648566196533241382563047781323853034451649968078643		193916824611676315495076768801995325502113406591
712237452427901096172155859698576837144390566321506661204491601		186356838680644442386570861872347191942042408684
366374095926567604865802714518286111795372585487002403217720885		322334331383817073331346746996329896113156056863
014561484040315496173464623160829471580766590622546246		117014758810419990137376352530456572794745150453
760058502399067476853691098108055858381530253938373486212168325		477121872474536875234005053535576806245552797180
015044852652416800691763812396178874419530517675816473		136743348031058533783421577811844626797672762755
292077107118454745923375098589091449437752985163265013126939525		193195042805925566656676654492340821718186918866
208188107567562619811327548233813543278671151155131920743847043		446715332340019201458691294911411722860065625450
263658102789547535916424216105833818114200960567233053427785281		513073268596749955945552359114089581058052568635
371061549976842664914893171513352256188223461472194149828570163		080323259605538144837230221755273432699731038664
127208441256324863312557932548131124202051987524356889718853522		330980032665176456104432936306143892703372833003
354194149268144865042579330255344311109765436861562355000406723		439090951273979843778803166855867251920043059294
087204031110712546926221563121153918016303585138552578717600402		279143509974414190542103692246194163521725062616
710217065097764097485530113610024142627310372514378441711229365		072094559886891054542140731365466472909180522785
482528113184367321145878920116886015774550319575660031060007842		261760364950165891938586148485831873893413285772
174160653650234858781006248252925066796752857583035884061802724		040665213113058096045470571535998926348662046321
719160516623514117580052176509029736616015074594375193216340885		483794736406811030313691327022206596508470557205
601596336327666722650571970369215463821671497672397555663642803		508615188993664563498633653790568865409386812491
685038465087211641650614071080311708408394697169133795502849123		489275786504534184648563702943301486058106833911
268263323728645953384298609214608432553861783835654747826107920		386191620463173464815530116724823355704351511964
257596128945101579244182406419567259262933106343282153638155685		316121059983114941285360998996501604941945730160
201594230252851181295699019316279739958841362631682345942359684		266320196555251433725644978992144422632536902570
102666510894328966695929677630549865604603454391004083938376561		284082152455498072534793499842794114759224725553
300179241041139252285815800359120539924625525520584703341370486		545180924725875091979453846381154093541996462303
695958506602819031606941775080874763138104157665466714036574886		169381678653203994941303122124152214256821612116
145861393885437642562421306652616553811350607927560710019992325		343985921605552565995453250902438993170366702276
747827573418640452816127878254468022651765374836372968751403600		365193994073612532992530170990972923926924762631
140418606660269717441868505672117003915892390996499735325573842		547710044556548183129551158935598992028075994255
535060123791400790832822975070726902103061027936252769144271684		409284811282802441576752423490147586479134870942
738919210999431157304259644397510318922620172427646341249397441		154220520232158716918235297893335391447571656836
416529023182811887531908305539939856256052987564084024610894645		350470370142373470981432510551388513961552070321
390470161178158472942688224297786153371163644745444962126923122		157796420916560153701596089891772976637064662535
566260559613813644064291846429231950937024066616141098748693284		452666938600044523129653268515515560871633382642
753872503309160527383601065247009645663256092957128739756385601		283963483553370693974203965385393890118624528890
592890115556218706295993051270629225515443622117144963713129685		474216745422680333079440400982461404169920267310
465100208397553057956437285496289408800790035064447117539486726		406762598784043683491382421440190144600112130595
491773106684329643186382893387281760431901342144695062057893280		433091562432041334343536316522974513876434811806
274152386046110228511525061102751136773455859117203666842866160		098983541391398311200772947233606086580230165806
156866249065214003263384759493231569057563870926595120154073922		288454270702113936546614251320778840192941818234
310640047227037341034749983080118223045150424614532047832667124		230734182753118613151406159305202694979880927065
704061540506954718681962547223032721943434173257657658306565685		145460247831479273578685146574561624154782359654
014156275146720785279416164740492441660650478304630571		253712996170788164664680809415551414173453200702
735567697321859856404407528421823346209712493760315905212568800		437040999931434675744213130631031792627474364421
743401077861363847493002051251736222168780249007526291659628880		466632431650671915650655835950597094615010924944
249176534947825244195517015480491734572822112983221503059631366		331131184230629822013294711981989145957545041356
192757507862952811736191265501839866562022274084104141455356724		006812980256761400451712407121430693383931767764
223161597193617459626850523137672743109702298103120118062432323		526760515786558575646524244033557082953082588515
020763306254510642249100997240484795322666820695120731		149245118661163232901361187795896993114642282156
537044270922137491792354208216848142880080849138427279762211601		111362824414664023459440541766382113187703035704
433117255717201688334344026101361045310063513322110967017788162		228781976045623550784561400810828754032216004522
655168366423301213806442411409098437036273532601639152933628005		037882369292187153326871101371320631153391666244
605951175465730528825259114405976915196445741018586480460145760		162986623214053834459980738616118201443745970586
627922693526149942753082884180244953805682314839480542028516643		241004536335775742208073683715787473978660802003
469555124364422041475119543431838812087116228311263200127109283		299895678376041462536190338740009356745284321530
596806198605959348142563940044622326210644420143647449863512483		042762467575598131560966291894943732556241845354
731609278724445704124418884413874107839423763038673358062983521		081095864014568956035004071680971532563626142901
424002200897228192570113340287878562803376302804154523339714401		375231834293560864239864475735592730642542670305
045943698597819866095536049430561009538494550928281392758216721		263441168595918881991985535991894393051960488310
400276633081055742901801650589132709537102345743572300702526722		526851619335909395762700642852169701749441407373
646514461944422710756819091282897909169303733683067603130430644		255292090074897155917683113641144856246393996651
170139319339846423184563732612775612863043739621305782536160320		118340478341845380817463741666092492107920542056
503658675604811416682118641160944525683306530263624297600904325		476346634403616813464466438971698796321953908543
018853945895153996755964633424639941500476826704419953		018671716621483174179452290193896730940714561256
700167122116838626870379759032441233123081198956612436654205045		008114816724495214656366526793232805959781149442
147784470859062641283783023666510450334631235936481525610426321		043165625093495561851181701140594091403070388685
526905159970047422551035624501186455915194735202541373222306403		398756795976818384572996556423946666660191581621
413671296701662328604704980297980641567400795764280366013852166		438191225405607903435840724162389365713523296972
544307226716250687545349358530648864657623439926289489764174000		237056222552153664659191500042237275797613361520
607784115186353757600298988035880723000424840105096709969065685		155586230964721625920940435793881245750120667282
185042280001314522651986524234870346824442347320570658201821361		160524389675673072870461555032751212753481902971
723070032616008522554480230659947467776414305010205363532126163		392130576201622946700401894462122514786771222034
360218124514414762580686010113119754135135577010622222943846960		091972125153465963994324616456990962607791086552
000540420905806146179933194382060250014743299541320620		373871957764535692876605741414081922444254105156
528726333813717379595379823198901700945745245849451276255060880		077850256785672023718580945344629603404825752705
726811116878304248231187678370101140257274892687638706861947844		042660147692887153527633436152856795728582408833
015146815895286656688210037765037390549435817244322713		090395138446686354505062426493746033958305661855
485429407611439806115445422350991102843842671277434320741725521		292071951006118475893184460061744994153022999782
067147489617115972591037112674724265116403187928444554567113844		264121377506760994999596401636859203893093764473
163653481624035008753169977534929753191760056423478472427982322		105732328606250512069092841142602621780761982743
736008031032938492220638333060873323026186178003171599230925120		475291881373172496314323700215096073352504470785
416914448005917830835824037578636812503151334945327526035697443		153915652500311893455866390471655861194115812662
044486536658219844120412547114783006204050576626258257229676484		253082342470291150445981439705569523641023022492
138509137924763077905298844039797861583045275629444418924278085		318641066015084663383862616514429116584074915206
285436466924533500966995066195743968005526891603349467905451444		250946466665300281431646278671833773255175644030
137515079479739834333777700080929312618816675499443995826746480		528714946046230552326674663493559084120224886061
003645359392940751101644792021590874160754718105283172		311065273385245023944354715883798866543024686376
470904217783408216430318342652407761894764930984005972943729524		430580734222907484130150062252749222784925376681
281634074237605747702664796109388736450585628173536625149690803		187890411861826362760202921241716216282006147104
016446630892082763487010970991356961882170653983660570		131526623466384921186520187580779586212583660030
748869090549320841593517366381491517229626707353332210913074401		400763664530054540624711779735316096825073477832
311305147708052820040691561164215553026381755816297882827756003		242764059695512932144466588311315922005636254334
011441215210488653182235658922950913405495503905479481		237205553774828925165796366493394052107173996261
634171633390550572563135877072388614703340219799542902106780404		004212776652194761352756457321831825692170696024
540280442748857598101998165471280643700162406705643466624768722		147013004132179485652672514650980260439913866272
024761267469566260305460678264280336007966565623095114465312002		435370975274390391878312275044401833660694257902
018324838574867145408501163575506876506271894371060560		521875419873281341073014652923746310829904127192
119795330047217095371652604373425518315050692047216331026952722		522303791005538465479706512644167353198674924164
089366038578860822256321391402318738214171243788292754235359360		168493158790746616859043030882995303340796155221
736535093395767737874305616534640748327904311375173721620237842		424961031306756013885242781693101852804913488044
276229490018801695834371990300574554761496172993134042534265922		074876697474248121456240408913393886394486887211
521259262517440756773752730186592153944746269091640644711945366		161456219871635186574473595471631390944525918731
481193340758018591215688070213882055259394739047539180329058161		490840591175497195058570943193217511512206229483
239255165598926298652395237584314162049891462914373676167975125		436863605901447720421520516893089303399724943791
050358285668601866320377120073085356525943536312010290535472162		232521720570239714900520148886749805747851475516
153282267153401198960891797183263323009606911789383164858821681		147505421104861595185610678883331736953760765073
655851248994846348324140878646532301925104108164402311153298560		545956257250721086144091567120945931796036097533
188671426422034062445350642588771337445961410532206303457303686		284504777690062540639675965122512484276216004960
088835479349030459756708684117515409586514713600313753640738402		015915165340315120199711727901654251201580484485
764472087784009314790328176119312634732822120427175883557726166		532331929734193082912903087436123424910683163440
741995476640804596926842482333104366071374317637653169927540960		224725569983686380495502382573975321328082375023
221067641560847692370752179498976636687241122825029910202241282		427552570651276300660030124746943535491013637111
686159460414317020760119332483887619360101728808257967510107120		190122468736530256209511073190646914798005033991
672937161759230152685351835159747564587742270599448224551341764		264741478523562042096270338773283226469810047734
340120117544456836950896969428646565207582269781586450356965443		527910378154004260636821945953380640252306155301
217160512449107572243393488073137810717552885496293760237830881		173694104716939506457963988443814792997123104443
607189675575409367231080235595613020421936146151350427112272246		381652418722341913345174587310672964997251161401
621597248358643600434963759557785753517195070804332478634266005		432235672071801371854793303630148266175080338543
344502121516560748384227268448132669344735676214486449406023765		171345977724313402255656281961676603488551129365
022176668000719552664279047180158409713115884159449535562605364		218213609803441481519655379902149810900644142646
180905348166912975084611317246114609789895609291292032654102643		372170003543655354633275990823114573959963002896
494389289777053654272016016080785255293696725746409426333512560		291070076331819534832976444932745422645545140932
620897066177227773894894536645855727461060199749188271354122561		179725531454330185689105452815016606665046503745
672673556868320241393207512363493023633501117370240583411009366		058373096014079611598591952722988811420723248303
259267396764849043561060040271554948532074135039573390069473043		477832857303221551941453968220355806770434029182
696080320903367252675801463198476705436255459858482101822899280		352836741046898604421371827454799626070963287176
506063292326340247682470311629732948221440619068470684225597121		152331595285695712323350137755021192867962273330
034520128722905089234625290073815650340020011612655487001563043		228690165891954505636843594444635714535783178505
465273323658861218826321787260809264254794618860392590666810245		422682922836874053179580776203492051293440164040
636311690994050068172554591531249615055925737437306513718958806		405943251685819764605821472652199872224350463881
258040317844941317196058480642710854703210495942412547456738880		066453602450238746557574357663084145602771378303
676139031111967939430235415433227300317770796480564273751233202		456444130700757740668512926454428804699202090865
477655312902841714790979480694614309368161561768541809962483761		030262191685051180840232427483051945124495710692
057811193009325761764152576071619050230344686304015653263801681		167696026474753925595755993291882111641290548380
068136211936565956402025217071869735084385003891257562736155120		542162600411869060073612706732811511496985817693
546262584722954533832973299117853429886703991972181777033224804		382711311160492580858491798800349134275551241303
454862248280321590651881015177809905623016613747156949014969762		022663996753442722039275651543080462951455319985
546472380467209855313976023214874945787764780053688622251141363		245300973326184974970414927492256154137711144422
709937267148316277424851857506744564042970112092473271268517604		469934232131915906550195992526386096234283648322
004475321472041196646091602825199092103110750244959055		234315961333951225726496410834100001851651199562
504565077086838473102302179447516032233636887867477913531880004		225303404825534975535185084156097486445036792776
756346336196516555684924769635928819340691928976269663209442401		246440155024146610654214323623851651909384283343
363861039558433593825618708432693234570782306289413881919340722		372913031194127753432731306520910074548850330403
222162636236666916991721194340061857040851345330487095856724803		434904671215849416078621797923908751962692348480
756508038973565523014672326052449960908456339465022130237387445		354900801495637603607706272351322276780371888730
599800664480353066794634985314986050662511885743424931226688486		287533695541220630267711488150243903486695753032
001782201612811030103854242924639460887153908474928974		533883652832944215671766688783680745753331245986
164847296209048376092417716564607760198545377374300216736819124		182775673815146103872485723686875834800541972891
537494155898128241875488534000031002763866519830011733630380404		348742116750163291199664659373010666122215991733
013789399620559610552349232317136247354123978517016395506216642		398140213996816061806252576453632354782074195580
111181260320648745285587277483386624898263543702621665409314804		136940720041269943167470883583712442125875447341
008392671443447250274695467116162361488520979276693548015887446		266572749474538202874432373663570764732311393944
423603187505508539863049196579336229118623461783340763466931446		214140421473897213654342440213428830219860084193
093390106637038596151817264077666857183476981065001236314467526		508550138173507491830321822092357604749062245300
544583642658746923033087221301937734793604062884422470207073444		145514965016165245153066436746015055899722270542
659433006514315437844400456160360940484821684814214210358373040		140852345681052556594502283620055654500246914264
548656168037008375104870181622047241775091407325128093163227601		298274399644776444226775245905917592382146211625
005943529012563579891296998612027728871775763958518326966096403		028421305286345666977484734350199135874950467035
478521584748043731771563970392507458478401779726230620355012085		419610031963480160799390115333786012277163809601
431982652159837051421336942672924368024603843228664671827480726		218913370751624711134752649243682233799076951054
333248152671432057356935641389927743032761861528081567641021443		098421825955841233958466294725116586300255135133
010644586010308566456914895714949946698821128550856992		346645098144641782133784655963096762305654762365
020741016895633205509952322254685502395075641300972763		187981076032305093012132435205185814497632654630
336117459674922836325549612476587803244342843083514076545416881		066110281892330794615331762974187335493453339810
619376096898819393945980282684290257876166584766151435832862243		453981303546815322930216523913707770185060371865
011105060800478166058912579861705100391093849741527436		547080813940946542432731929242039873287015693583
453832520995403830172125795165054266373721865640619955548536164		096426908062918454257720078793027176541766553085
375267404481428496500781467369546423727106303297576160049348724		534311783716860492120155960690738172211432387571
189558140368763088591813099525354308536164500000513195858215683		413692160524566301944536452874788014671952748991
548864242721117981390512654670127632227095558426305101220430086		384783402860771355657735814952247313870526318823
673558572540567486255335499071332521578035590094571020817833045		418226915670566196673403917293674116128134127086
118759648970303424534556473009231819654225510512180541013763362		116072844951816976724045640183751785621176091491
004715769974359895901831373765457894102580560842942363		537303057084143133358055390183197261232886850223
508177169052957718946911821466200063821731904001167755361582565		358102289743404504321184892711526205296946496252
008103375034522026276114761481730342399301197811221792		072702565745202945029225553293548722727384165212
333534516866043356710604987112164838673662465280538795417979126		495160013983190170060534652945681334229242157351
435148263095945462916740014355094550648685470602618839051864886		108495679975466333855910005523860995401716336606
202359513304128284433767381017240914702215280412371134351916721		033516260744603436127283013133608985440443881416
240902406669332912762741866106774263058470468596612345536512486		156084168974545420430040402721542114459484291044
304692479092900478554487467692322662445465074084611944852240963		017232788222793904232601553110312343372304057580
700670555134754210671359292494785615159115148520125344814601685		147414978966408775720774354820125900628176402386
692379157122750806491475724598483230032801007609222048139807045		226950222290267996741761117281890742514566860791
126909536434426267452357146335190160183991676983261863039067766		235411113145366230393313774730465686742190361163
008916152262358252709360322130570695491061848820139520		034324448903971105038503891193990076443916612463
488168393045249469521407753158347338268706451635520791122102884		110591511654950534766993216660078680381240006940
308028108347352028764765299649216504191003594927569293229497840		378533941602251320524652562881232795766165375253
698666616199933675644843072225107402293652129250273025303094882		466082386464742682718970406164203556613293824152
522703358636627092314027934573507336134236767070557737046212083		408283157475890192391552693101994521626115807745
636714602587912449045925008612497408341444220969647290730828562		041633685860256256798363404606443680043763011302
691412388679864942322565518079018416741063860591675071500672726		199562442471755504717670322980554283301256366365
368534271581619797661325022414770143582382048620229619726567446		040220591795866090640471272880132221265166226924
499377291263243554414738309335286432082902625077171714834005125		111843749452860604064702040734556285875936453051
677308095709532746952007692496852401604984237868485543935047204		289240490034524663116746877610670856475542335835
190412474814301024223043162204899138290883628235050254538007042		274641822230234020778472236711304605703233772002
263221468650440129290122677588525032591726212137492918866700403		167375900185856580555273935845124586557990469592
233352531243862609050511651661132850698060680790314458610224640		004901979405093690726394482920097865422463598496
223180552175954198732290706486501801885142757365409821565619446		188843426850468361970681833634107931500421828685
604491170743622450131510672249358547562841927392489190560527282		225384073426688473656942079611104202516856570625
000711507994067100568661367610554491008734677342955372		        374022478556541066885151589451984723903374845872
344903495903201965474996186666420929182002801490540007505548082		426675945884812432963073094275297663193905248832
490122242546065712150507297492492141208996054685268546935258962		084251477165877665940955354714424005234111566462
733064257618368322384952644309197609688934439488210079858977520		427205632066549045192536673403181624042521896741
631063424096644566514504429249971622424040879826574628222434404		232084219791467024216292195853271084464995206093
576855061585765160853493501221630143024504392577550687358541364		372406049601332624285750059341914370139484533252
008322680216501262196774658062221744787965030845153354		054252139724862515820374579584240051124921151662
758661326539935437642989750451728463160822986131311955764688722		215002838574639525841394057554646893895736186334
044447353321469228525315094642473834661222794571659893854247123		207815837412006455629075806354025670911625156634
467149587850461324845716445271903000983661723542466668268158963		305424868894191492833853005582389642157901560266
007883811121198101989765066314111865912225386260328173		101863289364256096463491020934238954940153927685
008402752374127636199456266984264490142774670342071023		285440138541472010017896636876981374525070748254
380167676816709732096043076251139312860992953160295500618823526		461255563860433903826165650206464962496354810591
157300301887639250762440997451111862423656705888379539208128320		513200306425352290282696259482832312645870378041
197887161578121260086540671614812536118192720433077486343342643		296571798410334171469121245103569064202453467692
688129377010148382746468664182956724624366111542140611646454723		279096511114834143709072937654496215310636673746